4002 4003 4010 4014 4018 4020 4021 4026 4028 4032 4037 4041 4043 4050 4060 4066 4071 4075 4076 4080 
4081 4082 4083 4084 4086 4090 4092 4093 4097 4100 4103 4104 4105 4119 4120 4121 4125 4139 4148 4150 
4151 4155 4158 4164 4173 4174 4176 4177 4179 4196 4198 4200 4208 4213 4218 4222 4224 4225 4234 4254 
4255 4257 4262 4264 4266 4269 4270 4275 4276 4277 4278 4279 4288 4290 4291 4292 4304 4308 4313 4320 
4335 4337 4339 4340 4343 4345 4348 4349 4350 4352 4357 4362 4365 4367 4369 4371 4372 4376 4382 4384 
4385 4386 4387 4388 4389 4391 4393 4396 4399 4400 4401 4410 4421 4422 4424 4427 4428 4429 4433 4441 
4442 4446 4448 4449 4453 4460 4464 4466 4469 4474 4482 4483 4485 4488 4491 4496 4499 4503 4505 4506 
4508 4509 4511 4516 4520 4545 4552 4555 4558 4559 4560 4566 4576 4577 4578 4579 4580 4580 4586 4587 
4598 4599 4604 4607 4609 4612 4616 4620 4632 4637 4638 4642 4643 4644 4645 4649 4652 4688 4726 4727 
4731 4739 4762 4795 4832 4835 4839 4840 4843 4855 4856 4872 4878 4900 4921 4951 4952 5023 5042 5246 
