0520 1035 1086 0896 0498 0862 0920 0040 1023 0097 0741 0686 0575 1098 0425 0120 0159 0196 0260 0096 
0172 0640 0467 0095 1195 0283 0926 0934 0751 0295 0014 1191 0681 0130 1242 1099 0360 1002 0230 0578 
0768 0067 0985 0637 0043 0779 0058 0818 0813 1280 0863 1190 0069 0601 0419 0488 0761 0068 0685 0555 
0232 0473 0436 0229 0680 0061 0923 1014 0504 0127 0824 0059 0711 0070 0981 0516 1194 1202 0008 0056 
1200 1009 0081 0166 0416 0019 0035 1016 0022 0643 1276 0576 0021 0023 0459 0055 0047 0559 0692 0647 
0072 0382 0967 0489 1250 0015 0184 1123 1222 0298 0118 0016 0899 0931 0506 0090 0173 0657 0726 1133 
0386 0677 0186 0312 0525 0420 0969 0031 0125 0622 0548 0066 0337 1251 0454 0984 0734 0534 0519 0533 
0522 0502 1232 0472 0526 0558 0177 1249 0363 0171 1203 0262 1286 0545 0810 0311 1256 0441 0951 0672 
0369 0479 0005 0405 0210 0113 0602 1301 0883 1063 0778 0618 0359 0272 0303 0484 0352 0767 0840 0610 
1241 0731 0315 0886 0717 1094 0845 0843 0605 0842 1267 0413 1197 0123 0301 0684 0876 1261 0972 1013 
1206 0963 0907 0433 1306 0898 0553 0500 0866 0002 0259 0086 0024 0089 0493 0048 0648 0257 1212 0074 
0319 0403 0106 0245 1288 0304 0156 1021 0327 
