0053 0828 0805 0492 1018 0699 0852 1263 1207 1285 1079 1254 1371 0221 1171 0357 1055 0554 0577 1090 
0991 1041 0487 0740 0691 0299 0010 0194 1087 1164 0747 0891 0633 0366 1152 0712 1161 1144 0793 0470 
0162 0893 0955 0497 0724 0841 0219 0701 1157 0438 1221 0803 0754 0109 1027 0814 0884 1304 1435 0696 
0786 1379 1248 1262 0474 0110 0431 0300 0029 0216 0093 0372 0341 1368 1341 0374 0888 0139 0816 0543 
1307 0739 1201 0457 1397 1102 0784 1192 0790 1339 0853 0627 1296 0340 0517 0844 1382 0277 0020 1385 
0682 1082 0690 0392 0760 1170 0777 1308 1290 0996 0328 0999 1184 0356 0088 0528 0753 1391 1062 1337 
0426 0286 0606 0796 0167 1056 1081 1109 0007 1354 0003 0535 0228 0938 0889 0619 1283 0094 1402 1001 
0812 0310 0653 0773 1430 1024 1289 1209 1083 0592 1253 1095 0565 0743 1044 0547 0916 0335 0733 0091 
1281 0400 0266 0929 0084 0129 1334 0147 0213 0321 0083 0076 0720 0343 1377 1205 1037 0850 0404 1137 
0642 0689 0316 0836 0370 1185 1373 0956 0183 0730 1409 0979 1059 0829 0759 1257 0149 0953 1113 
